# Poisson-Nernst-Planck system, generated on jotelha-fujitsu-ubuntu-20, 2021-02-03 09:59:33
# All quantities in SI units.
# grid x (m), potential u (V), concentration c (mM)
# x                    u                      c00                    c01                   
 0.000000000000000e+00  4.999999999999999e-03  8.229186796556510e+02  1.214484312478529e+03
 1.000000000000000e-10  3.601761514773074e-03  8.689445092696965e+02  1.150156098942508e+03
 2.000000000000000e-10  2.595010649772180e-03  9.036695643217724e+02  1.105959375486793e+03
 3.000000000000000e-10  1.869839971990222e-03  9.295389171898645e+02  1.075180187217699e+03
 4.000000000000000e-10  1.347383011568522e-03  9.486345278883151e+02  1.053537266071111e+03
 5.000000000000000e-10  9.709318990469049e-04  9.626363761066268e+02  1.038213235879103e+03
 6.000000000000000e-10  6.996683395160091e-04  9.728537830561989e+02  1.027309390598310e+03
 7.000000000000000e-10  5.041951463667605e-04  9.802836359441591e+02  1.019523115929776e+03
 8.000000000000000e-10  3.633345098393476e-04  9.856728416338065e+02  1.013948832511378e+03
 9.000000000000000e-10  2.618276112558361e-04  9.895747659371528e+02  1.009950800499945e+03
 1.000000000000000e-09  1.886794734832223e-04  9.923961522832645e+02  1.007079506216692e+03
 1.100000000000000e-09  1.359671783321712e-04  9.944342963674540e+02  1.005015445126482e+03
 1.200000000000000e-09  9.798139692650890e-05  9.959056278977929e+02  1.003530654930032e+03
 1.300000000000000e-09  7.060788901970872e-05  9.969672557752490e+02  1.002462037968960e+03
 1.400000000000000e-09  5.088184591412574e-05  9.977329932470701e+02  1.001692671062438e+03
 1.500000000000000e-09  3.666675740771861e-05  9.982851677477499e+02  1.001138611793256e+03
 1.600000000000000e-09  2.642300215383289e-05  9.986832682175404e+02  1.000739532561268e+03
 1.700000000000000e-09  1.904109059612309e-05  9.989702479989105e+02  1.000452044507608e+03
 1.800000000000000e-09  1.372149655155271e-05  9.991771040849829e+02  1.000244924475149e+03
 1.900000000000000e-09  9.888061146571865e-06  9.993261964213094e+02  1.000095695071155e+03
 2.000000000000000e-09  7.125589618092476e-06  9.994336499614249e+02  9.999881703516375e+02
 2.100000000000000e-09  5.134882024790189e-06  9.995110908920026e+02  9.999106924575110e+02
 2.200000000000000e-09  3.700327247480778e-06  9.995669005261491e+02  9.998548636281503e+02
 2.300000000000000e-09  2.666550404647209e-06  9.996071203070729e+02  9.998146338791289e+02
 2.400000000000000e-09  1.921584385821714e-06  9.996361047126258e+02  9.997856442971314e+02
 2.500000000000000e-09  1.384742829371628e-06  9.996569921372169e+02  9.997647541844070e+02
 2.600000000000000e-09  9.978810806712393e-07  9.996720444198944e+02  9.997497005057788e+02
 2.700000000000000e-09  7.190986153082917e-07  9.996828916200838e+02  9.997388525806709e+02
 2.800000000000000e-09  5.182008443155694e-07  9.996907084627946e+02  9.997310353615096e+02
 2.900000000000000e-09  3.734287750323855e-07  9.996963415173662e+02  9.997254021114474e+02
 3.000000000000000e-09  2.691023211291683e-07  9.997004008601652e+02  9.997213426671301e+02
 3.100000000000000e-09  1.939220115715594e-07  9.997033261365739e+02  9.997184173380035e+02
 3.200000000000000e-09  1.397451586861204e-07  9.997054341708387e+02  9.997163092763625e+02
 3.300000000000000e-09  1.007039335857017e-07  9.997069532769735e+02  9.997147901560118e+02
 3.400000000000000e-09  7.256982877581409e-08  9.997080479851180e+02  9.997136954404853e+02
 3.500000000000000e-09  5.229567366337325e-08  9.997088368605342e+02  9.997129065612364e+02
 3.600000000000000e-09  3.768559922489910e-08  9.997094053447106e+02  9.997123380750697e+02
 3.700000000000000e-09  2.715720611016162e-08  9.997098150091409e+02  9.997119284096068e+02
 3.800000000000000e-09  1.957017689695065e-08  9.997101102239060e+02  9.997116331943058e+02
 3.900000000000000e-09  1.410276970045642e-08  9.997103229632662e+02  9.997114204546679e+02
 4.000000000000000e-09  1.016281631258378e-08  9.997104762687153e+02  9.997112671490742e+02
 4.099999999999999e-09  7.323585185039069e-09  9.997105867445559e+02  9.997111566731595e+02
 4.200000000000000e-09  5.277562655649781e-09  9.997106663562784e+02  9.997110770613990e+02
 4.300000000000000e-09  3.803146518802954e-09  9.997107237265249e+02  9.997110196911335e+02
 4.400000000000001e-09  2.740644560135089e-09  9.997107650689931e+02  9.997109783486557e+02
 4.500000000000000e-09  1.974978487782150e-09  9.997107948614338e+02  9.997109485562110e+02
 4.600000000000000e-09  1.423219943225126e-09  9.997108163306285e+02  9.997109270870142e+02
 4.700000000000000e-09  1.025608631766080e-09  9.997108318018796e+02  9.997109116157623e+02
 4.800000000000000e-09  7.390797570492217e-10  9.997108429508589e+02  9.997109004667831e+02
 4.900000000000000e-09  5.325997259580017e-10  9.997108509850988e+02  9.997108924325440e+02
 5.000000000000000e-09  3.838049376800032e-10  9.997108567747777e+02  9.997108866428659e+02
 5.100000000000000e-09  2.765796096461733e-10  9.997108609469683e+02  9.997108824706762e+02
 5.200000000000000e-09  1.993102972532222e-10  9.997108639535554e+02  9.997108794640897e+02
 5.300000000000000e-09  1.436280553906424e-10  9.997108661201792e+02  9.997108772974668e+02
 5.400000000000000e-09  1.035020087173732e-10  9.997108676815042e+02  9.997108757361431e+02
 5.500000000000000e-09  7.458615368691320e-11  9.997108688066347e+02  9.997108746110132e+02
 5.600000000000000e-09  5.374864901278408e-11  9.997108696174329e+02  9.997108738002159e+02
 5.700000000000000e-09  3.873260993371139e-11  9.997108702017147e+02  9.997108732159354e+02
 5.800000000000000e-09  2.791166793197165e-11  9.997108706227632e+02  9.997108727948879e+02
 5.900000000000000e-09  2.011382038368007e-11  9.997108709261817e+02  9.997108724914704e+02
 6.000000000000000e-09  1.449449235571157e-11  9.997108711448329e+02  9.997108722728202e+02
 6.100000000000000e-09  1.044506123651073e-11  9.997108713023990e+02  9.997108721152554e+02
 6.200000000000000e-09  7.526938157845615e-12  9.997108714159452e+02  9.997108720017101e+02
 6.300000000000000e-09  5.424064315770065e-12  9.997108714977697e+02  9.997108719198868e+02
 6.400000000000000e-09  3.908679749238996e-12  9.997108715567347e+02  9.997108718609231e+02
 6.500000000000000e-09  2.816655029015500e-12  9.997108715992265e+02  9.997108718184323e+02
 6.600000000000000e-09  2.029714218304071e-12  9.997108716298471e+02  9.997108717878127e+02
 6.700000000000000e-09  1.462624727535219e-12  9.997108716519134e+02  9.997108717657474e+02
 6.800000000000000e-09  1.053965715202119e-12  9.997108716678151e+02  9.997108717498465e+02
 6.900000000000000e-09  7.594757634518872e-13  9.997108716792741e+02  9.997108717383883e+02
 7.000000000000000e-09  5.472590086181707e-13  9.997108716875321e+02  9.997108717301314e+02
 7.100000000000000e-09  3.943305113560251e-13  9.997108716934830e+02  9.997108717241813e+02
 7.200000000000000e-09  2.841266390504985e-13  9.997108716977717e+02  9.997108717198936e+02
 7.300000000000000e-09  2.047112725443276e-13  9.997108717008625e+02  9.997108717168040e+02
 7.400000000000000e-09  1.474828336880462e-13  9.997108717030895e+02  9.997108717145775e+02
 7.499999999999999e-09  1.062429002149742e-13  9.997108717046947e+02  9.997108717129732e+02
 7.600000000000000e-09  7.652471062379339e-14  9.997108717058513e+02  9.997108717118170e+02
 7.699999999999999e-09  5.510930923176771e-14  9.997108717066851e+02  9.997108717109842e+02
 7.800000000000000e-09  3.967718533126397e-14  9.997108717072862e+02  9.997108717103839e+02
 7.900000000000000e-09  2.855655295150565e-14  9.997108717077192e+02  9.997108717099517e+02
 8.000000000000000e-09  2.054288517163489e-14  9.997108717080316e+02  9.997108717096405e+02
 8.100000000000000e-09  1.476834405640096e-14  9.997108717082569e+02  9.997108717094162e+02
 8.199999999999999e-09  1.060738316876828e-14  9.997108717084194e+02  9.997108717092547e+02
 8.300000000000000e-09  7.608997639221758e-15  9.997108717085365e+02  9.997108717091386e+02
 8.399999999999999e-09  5.448623977404569e-15  9.997108717086210e+02  9.997108717090549e+02
 8.500000000000000e-09  3.892187121887305e-15  9.997108717086821e+02  9.997108717089945e+02
 8.600000000000001e-09  2.770759188213052e-15  9.997108717087262e+02  9.997108717089512e+02
 8.700000000000000e-09  1.962486712830972e-15  9.997108717087583e+02  9.997108717089204e+02
 8.800000000000001e-09  1.379961050425138e-15  9.997108717087816e+02  9.997108717088981e+02
 8.899999999999999e-09  9.599362746025183e-16  9.997108717087981e+02  9.997108717088822e+02
 9.000000000000000e-09  6.567612436485808e-16  9.997108717088105e+02  9.997108717088710e+02
 9.100000000000000e-09  4.378005902180915e-16  9.997108717088192e+02  9.997108717088629e+02
 9.200000000000000e-09  2.795312419944297e-16  9.997108717088257e+02  9.997108717088573e+02
 9.300000000000001e-09  1.650225337517905e-16  9.997108717088307e+02  9.997108717088535e+02
 9.400000000000000e-09  8.198985567781814e-17  9.997108717088342e+02  9.997108717088505e+02
 9.500000000000001e-09  2.153447486916140e-17  9.997108717088372e+02  9.997108717088486e+02
 9.600000000000000e-09 -2.294952706575762e-17  9.997108717088396e+02  9.997108717088473e+02
 9.699999999999999e-09 -5.648431907856926e-17  9.997108717088412e+02  9.997108717088464e+02
 9.800000000000000e-09 -8.261426042071175e-17  9.997108717088429e+02  9.997108717088461e+02
 9.899999999999999e-09 -1.041920690780004e-16  9.997108717088441e+02  9.997108717088456e+02
 1.000000000000000e-08 -1.234195908633786e-16  9.997108717088454e+02  9.997108717088455e+02
 1.010000000000000e-08 -1.424360635706367e-16  9.997108717088466e+02  9.997108717088452e+02
 1.020000000000000e-08 -1.635766364200297e-16  9.997108717088481e+02  9.997108717088448e+02
 1.030000000000000e-08 -1.892230993218109e-16  9.997108717088496e+02  9.997108717088443e+02
 1.040000000000000e-08 -2.224744739587672e-16  9.997108717088513e+02  9.997108717088435e+02
 1.050000000000000e-08 -2.667909996837577e-16  9.997108717088535e+02  9.997108717088423e+02
 1.060000000000000e-08 -3.269797500178708e-16  9.997108717088562e+02  9.997108717088402e+02
 1.070000000000000e-08 -4.094699297643938e-16  9.997108717088598e+02  9.997108717088375e+02
 1.080000000000000e-08 -5.230692201517457e-16  9.997108717088648e+02  9.997108717088333e+02
 1.090000000000000e-08 -6.802952962797268e-16  9.997108717088713e+02  9.997108717088275e+02
 1.100000000000000e-08 -8.983996784180349e-16  9.997108717088803e+02  9.997108717088195e+02
 1.110000000000000e-08 -1.201124925349428e-15  9.997108717088926e+02  9.997108717088083e+02
 1.120000000000000e-08 -1.621032320665023e-15  9.997108717089093e+02  9.997108717087926e+02
 1.130000000000000e-08 -2.203298677316154e-15  9.997108717089326e+02  9.997108717087706e+02
 1.140000000000000e-08 -3.010959407536153e-15  9.997108717089643e+02  9.997108717087395e+02
 1.150000000000000e-08 -4.131851166621908e-15  9.997108717090084e+02  9.997108717086960e+02
 1.160000000000000e-08 -5.687725383302251e-15  9.997108717090697e+02  9.997108717086359e+02
 1.170000000000000e-08 -7.847443823369932e-15  9.997108717091540e+02  9.997108717085520e+02
 1.180000000000000e-08 -1.084515338604653e-14  9.997108717092714e+02  9.997108717084357e+02
 1.190000000000000e-08 -1.500596471614159e-14  9.997108717094338e+02  9.997108717082743e+02
 1.200000000000000e-08 -2.078053606685229e-14  9.997108717096594e+02  9.997108717080504e+02
 1.210000000000000e-08 -2.879430874617775e-14  9.997108717099716e+02  9.997108717077391e+02
 1.220000000000000e-08 -3.991518426141185e-14  9.997108717104047e+02  9.997108717073065e+02
 1.230000000000000e-08 -5.534788617439307e-14  9.997108717110053e+02  9.997108717067065e+02
 1.240000000000000e-08 -7.676376952935671e-14  9.997108717118392e+02  9.997108717058737e+02
 1.250000000000000e-08 -1.064825647930658e-13  9.997108717129960e+02  9.997108717047176e+02
 1.260000000000000e-08 -1.477229705292238e-13  9.997108717146011e+02  9.997108717031132e+02
 1.270000000000000e-08 -2.049518753598961e-13  9.997108717168284e+02  9.997108717008867e+02
 1.280000000000000e-08 -2.843675602380406e-13  9.997108717199189e+02  9.997108716977974e+02
 1.290000000000000e-08 -3.945714375798501e-13  9.997108717242074e+02  9.997108716935097e+02
 1.300000000000000e-08 -5.474996719035744e-13  9.997108717301584e+02  9.997108716875597e+02
 1.310000000000000e-08 -7.597156498961646e-13  9.997108717384166e+02  9.997108716793025e+02
 1.320000000000000e-08 -1.054204647739102e-12  9.997108717498759e+02  9.997108716678442e+02
 1.330000000000000e-08 -1.462862576936044e-12  9.997108717657775e+02  9.997108716519435e+02
 1.340000000000000e-08 -2.029950870185333e-12  9.997108717878436e+02  9.997108716298783e+02
 1.350000000000000e-08 -2.816890562753430e-12  9.997108718184643e+02  9.997108715992583e+02
 1.360000000000000e-08 -3.908914278258202e-12  9.997108718609561e+02  9.997108715567675e+02
 1.370000000000000e-08 -5.424297783580211e-12  9.997108719199209e+02  9.997108714978036e+02
 1.380000000000000e-08 -7.527170707293751e-12  9.997108720017453e+02  9.997108714159800e+02
 1.390000000000000e-08 -1.044529300163065e-11  9.997108721152913e+02  9.997108713024350e+02
 1.400000000000000e-08 -1.449472300915791e-11  9.997108722728573e+02  9.997108711448701e+02
 1.410000000000000e-08 -2.011404976462773e-11  9.997108724915084e+02  9.997108709262197e+02
 1.420000000000000e-08 -2.791189587098152e-11  9.997108727949269e+02  9.997108706228021e+02
 1.430000000000000e-08 -3.873283653268502e-11  9.997108732159755e+02  9.997108702017545e+02
 1.440000000000000e-08 -5.374887460802810e-11  9.997108738002573e+02  9.997108696174736e+02
 1.450000000000000e-08 -7.458637883764088e-11  9.997108746110556e+02  9.997108688066767e+02
 1.460000000000000e-08 -1.035022338896853e-10  9.997108757361865e+02  9.997108676815470e+02
 1.470000000000000e-08 -1.436282809550994e-10  9.997108772975108e+02  9.997108661202236e+02
 1.480000000000000e-08 -1.993105231489859e-10  9.997108794641348e+02  9.997108639536007e+02
 1.490000000000000e-08 -2.765798360789889e-10  9.997108824707221e+02  9.997108609470141e+02
 1.500000000000000e-08 -3.838051646412055e-10  9.997108866429128e+02  9.997108567748243e+02
 1.510000000000000e-08 -5.325999535383107e-10  9.997108924325917e+02  9.997108509851466e+02
 1.520000000000000e-08 -7.390799851172098e-10  9.997109004668318e+02  9.997108429509078e+02
 1.530000000000000e-08 -1.025608859837984e-09  9.997109116158117e+02  9.997108318019293e+02
 1.540000000000000e-08 -1.423220170856224e-09  9.997109270870642e+02  9.997108163306791e+02
 1.550000000000000e-08 -1.974978714524407e-09  9.997109485562621e+02  9.997107948614851e+02
 1.560000000000000e-08 -2.740644785849470e-09  9.997109783487081e+02  9.997107650690454e+02
 1.570000000000000e-08 -3.803146743609477e-09  9.997110196911867e+02  9.997107237265780e+02
 1.580000000000000e-08 -5.277562879747822e-09  9.997110770614535e+02  9.997106663563325e+02
 1.590000000000000e-08 -7.323585408754613e-09  9.997111566732149e+02  9.997105867446107e+02
 1.600000000000000e-08 -1.016281653661643e-08  9.997112671491305e+02  9.997104762687715e+02
 1.610000000000000e-08 -1.410276992509766e-08  9.997114204547247e+02  9.997103229633229e+02
 1.620000000000000e-08 -1.957017712230770e-08  9.997116331943635e+02  9.997101102239636e+02
 1.630000000000000e-08 -2.715720633604429e-08  9.997119284096653e+02  9.997098150091997e+02
 1.640000000000000e-08 -3.768559945075374e-08  9.997123380751297e+02  9.997094053447705e+02
 1.650000000000000e-08 -5.229567388940794e-08  9.997129065612972e+02  9.997088368605948e+02
 1.660000000000000e-08 -7.256982900265212e-08  9.997136954405476e+02  9.997080479851800e+02
 1.670000000000000e-08 -1.007039338138436e-07  9.997147901560747e+02  9.997069532770366e+02
 1.680000000000000e-08 -1.397451589157136e-07  9.997163092764263e+02  9.997054341709029e+02
 1.690000000000000e-08 -1.939220118025073e-07  9.997184173380682e+02  9.997033261366388e+02
 1.700000000000000e-08 -2.691023213611082e-07  9.997213426671957e+02  9.997004008602315e+02
 1.710000000000000e-08 -3.734287752646699e-07  9.997254021115141e+02  9.996963415174332e+02
 1.720000000000000e-08 -5.182008445480372e-07  9.997310353615774e+02  9.996907084628624e+02
 1.730000000000000e-08 -7.190986155408071e-07  9.997388525807396e+02  9.996828916201526e+02
 1.740000000000000e-08 -9.978810809033109e-07  9.997497005058481e+02  9.996720444199643e+02
 1.750000000000000e-08 -1.384742829602861e-06  9.997647541844775e+02  9.996569921372873e+02
 1.760000000000000e-08 -1.921584386052077e-06  9.997856442972026e+02  9.996361047126974e+02
 1.770000000000000e-08 -2.666550404876386e-06  9.998146338792012e+02  9.996071203071449e+02
 1.780000000000000e-08 -3.700327247708766e-06  9.998548636282231e+02  9.995669005262216e+02
 1.790000000000000e-08 -5.134882025017462e-06  9.999106924575847e+02  9.995110908920766e+02
 1.800000000000000e-08 -7.125589618319089e-06  9.999881703517118e+02  9.994336499614991e+02
 1.810000000000000e-08 -9.888061146797575e-06  1.000095695071231e+03  9.993261964213845e+02
 1.820000000000000e-08 -1.372149655177758e-05  1.000244924475225e+03  9.991771040850591e+02
 1.830000000000000e-08 -1.904109059634678e-05  1.000452044507684e+03  9.989702479989875e+02
 1.840000000000000e-08 -2.642300215405531e-05  1.000739532561346e+03  9.986832682176185e+02
 1.850000000000000e-08 -3.666675740793950e-05  1.001138611793335e+03  9.982851677478291e+02
 1.860000000000000e-08 -5.088184591434441e-05  1.001692671062517e+03  9.977329932471504e+02
 1.870000000000000e-08 -7.060788901992424e-05  1.002462037969041e+03  9.969672557753304e+02
 1.880000000000000e-08 -9.798139692671990e-05  1.003530654930114e+03  9.959056278978754e+02
 1.890000000000000e-08 -1.359671783323763e-04  1.005015445126564e+03  9.944342963675373e+02
 1.900000000000000e-08 -1.886794734834194e-04  1.007079506216775e+03  9.923961522833491e+02
 1.910000000000000e-08 -2.618276112560231e-04  1.009950800500029e+03  9.895747659372385e+02
 1.920000000000000e-08 -3.633345098395195e-04  1.013948832511462e+03  9.856728416338931e+02
 1.930000000000000e-08 -5.041951463669158e-04  1.019523115929861e+03  9.802836359442468e+02
 1.940000000000000e-08 -6.996683395161448e-04  1.027309390598395e+03  9.728537830562874e+02
 1.950000000000000e-08 -9.709318990470167e-04  1.038213235879190e+03  9.626363761067161e+02
 1.960000000000000e-08 -1.347383011568603e-03  1.053537266071198e+03  9.486345278884047e+02
 1.970000000000000e-08 -1.869839971990266e-03  1.075180187217788e+03  9.295389171899545e+02
 1.980000000000000e-08 -2.595010649772211e-03  1.105959375486885e+03  9.036695643218616e+02
 1.990000000000000e-08 -3.601761514773109e-03  1.150156098942605e+03  8.689445092697829e+02
 2.000000000000000e-08 -5.000000000000000e-03  1.214484312478631e+03  8.229186796557350e+02
